315
15
826
760
24
849
907
4
896
438
512
184
955
335
252
374
748
601
349
898
977
65
36
754
515
335
909
147
630
862
729
75
61
109
870
161
858
978
997
482
756
938
401
887
762
95
404
675
893
95
686
692
726
131
771
479
790
95
431
669
639
860
456
483
189
442
98
481
974
722
917
484
864
608
258
563
223
292
428
335
611
10
573
200
275
210
181
708
543
116
181
436
218
517
549
433
308
233
905
133
133
566
12
845
435
738
861
517
189
852
677
602
224
884
98
416
12
502
676
837
273
710
991
297
766
529
4
129
639
779
514
844
301
996
471
171
864
517
900
523
99
707
314
929
375
965
464
271
735
656
598
726
318
455
938
720
953
951
168
547
746
919
933
802
403
202
786
457
500
38
673
195
119
318
886
984
184
194
354
163
106
770
358
827
640
560
266
303
359
43
298
893
803
723
166
6
43
217
6
804
984
428
526
310
899
267
705
392
408
445
156
670
19
411
50
787
822
26
810
93
290
653
813
578
717
319
504
900
514
540
874
152
352
792
189
106
135
401
241
170
927
706
453
89
685
234
107
833
864
380
755
323
890
995
855
933
690
291
367
700
576
664
154
233
171
797
986
923
807
562
229
434
818
445
946
841
892
652
947
125
52
717
938
236
982
269
340
172
881
490
894
142
132
901
85
123
730
32
5
56
622
62
130
782
689
479
432
405
799
817
143
2
901
849
602
101
942
988
345
398
357
490
981
892
480
946
143
64
609
925
584
766
801
124
588
666
884
115
519
220
686
207
491
434
447
227
291
971
126
700
349
423
49
173
713
565
962
69
802
667
948
376
729
850
155
488
953
828
309
590
792
17
314
345
62
429
971
665
69
604
376
554
507
752
61
256
691
63
682
103
534
366
612
659
346
529
747
797
229
518
601
601
42
412
79
285
423
833
186
986
554
371
950
55
802
718
4
446
36
719
996
804
360
678
499
33
84
847
920
494
543
122
929
550
211
415
189
450
721
351
535
342
875
712
739
302
140
310
823
139
650
585
242
862
511
168
222
585
863
874
674
405
464
398
24
206
522
132
3
152
127
192
648
271
711
237
552
713
958
478
392
933
85
328
588
583
369
339
635
101
832
465
126
961
10
698
836
73
997
539
